1000
9317
7460
7484
4794
9091
6016
5348
9293
9897
8655
5114
5023
656
2080
7294
9937
9456
7960
1770
7367
5651
7814
5629
3505
1813
4929
3130
8891
3789
8532
1274
336
3786
778
9685
7747
9959
6678
1438
7205
2854
167
8104
8731
9750
4086
4835
1595
4450
8387
5198
9024
8667
7976
7462
5551
768
4971
1985
3259
2457
3672
9616
2087
5522
2910
9137
4670
7450
6336
4878
3591
8381
1597
7106
6640
6667
1987
1386
7928
2255
1560
1234
1315
9034
1055
9221
7254
1456
503
2860
3757
3183
5642
2064
4174
5991
8700
7487
4734
6102
4907
3336
7303
786
6559
2280
7014
1215
2032
5522
8796
9014
4240
6347
9018
4702
9637
2724
5443
509
7380
2274
3621
8163
9928
9615
7659
1573
8157
1540
9132
7966
7139
1749
5928
4505
375
845
9193
7941
2469
7375
1182
6839
9928
4894
420
9953
4411
477
8341
3848
4580
1753
6570
1086
7975
5293
1491
3765
3973
3941
8957
5386
3366
3898
4506
1420
928
1691
9804
7766
2232
8930
4316
5516
1132
8978
5703
1547
3558
9600
8948
887
6914
9179
9302
7371
3990
7194
9676
9364
9262
6818
2015
9792
2129
1875
1951
3133
1403
1956
2533
8076
1102
6565
6881
7176
8588
5886
7628
9928
3450
6672
8091
6194
4975
3541
6580
2846
4713
8454
6027
5808
8359
6421
8509
5432
8999
1599
9264
3699
9168
1508
6530
2835
9238
1837
3157
6412
632
9101
5572
3377
8722
9992
4647
9247
9955
7507
4962
1393
5145
9122
4396
3578
1010
9905
6633
1255
674
8866
5266
9760
7813
5581
4210
9005
8704
1550
5066
3738
3900
6934
801
2951
9949
9907
9397
4443
4673
5581
4516
8353
898
2407
6931
5045
2453
2154
2166
7738
653
2232
7994
4320
9335
4601
9456
79
3135
8149
8431
4237
5109
487
3718
3652
8130
1829
1932
4486
156
9038
1738
7563
8475
917
1748
6042
4115
8970
4605
9936
5437
9380
9551
8632
5252
2900
8183
6795
9917
4252
3722
2623
2348
7126
5820
1088
2706
1501
5232
2568
9666
4946
1185
3112
3799
7736
5931
8653
7894
4740
7118
1348
1083
5378
1243
9736
1780
7403
5439
9282
8244
1353
9372
1817
6922
2546
7465
1071
1087
4755
5736
6448
3481
6402
6178
4124
5884
3229
1142
5920
9821
9211
4985
2289
6430
1656
2102
2769
2451
1151
8631
4702
7262
1780
9768
7767
7627
1662
5957
4653
6678
3505
9637
3028
5343
1257
8834
265
7867
2460
1059
5699
7013
741
6033
8692
8818
6754
5907
2418
2783
8429
3036
2904
9849
3706
3698
7438
8826
3277
9108
3420
1669
1235
77
9692
8687
478
382
5372
5204
3373
3810
7893
3605
9361
8874
1650
311
2132
3296
9001
7867
3828
410
923
9023
5346
1085
3076
6813
6343
6463
9141
3564
1668
9481
3063
8759
314
9621
2868
2183
92
6569
1346
1195
4722
5589
9695
1902
9509
4015
1094
6026
7608
9630
9634
6770
4211
9262
6582
5223
2264
3461
8321
9859
6398
7208
928
7324
5974
2749
1793
6946
4762
5330
4740
4227
7926
6420
8861
3175
3042
5401
840
1122
3497
1600
5932
2420
4335
5715
5892
1956
7198
8098
2349
7717
4460
3755
5266
4800
7584
3198
2415
4449
9039
5333
7455
5399
7857
7692
2910
9064
7992
2977
9726
8376
5890
4329
610
2071
2884
9194
6205
6138
4242
8839
5248
6220
6217
2652
1730
2910
5765
2779
9917
5310
370
3422
5226
1575
5557
7341
6036
9260
2230
3850
179
4047
2378
3111
4409
2789
2720
1704
4692
6644
7443
9355
8620
9422
7341
1748
7491
8724
5888
195
6801
5654
8130
952
3241
2247
8875
1133
8311
1819
1456
5712
8429
9836
7669
1689
6724
3872
7641
3970
8994
1162
235
8989
9638
9973
8219
9487
7660
9569
367
2449
1742
6611
698
783
8649
8763
2742
4988
5192
8899
4674
1711
7566
9227
1192
8196
2572
9790
3052
7721
1099
7816
321
5452
4264
879
8972
8094
2441
3964
7269
3834
8627
6666
911
5586
6557
6294
6641
8149
84
1541
8882
8726
5461
9482
3016
6800
4058
5682
3286
942
843
6555
7395
5640
7992
1760
3806
8232
6559
9807
6045
8408
8113
1296
1099
862
9201
4220
5620
2875
9883
6532
1381
1114
9556
406
5313
1458
211
1034
6734
2292
1830
1993
6193
8184
7992
3814
7427
23
9889
152
993
7264
8702
5702
1707
6205
2943
5302
4011
6716
1803
3221
7421
9173
1166
3808
9255
380
725
5618
2833
9571
482
7151
3034
6077
3536
1278
6725
4537
203
344
5677
3163
9110
5830
2205
8190
526
8439
4430
5851
3543
4895
2858
2008
837
4740
957
7163
5842
3992
5603
7802
1382
2471
116
5411
9064
1524
3375
6656
5625
6409
9159
2744
1111
9670
5579
2078
9030
6069
3332
784
760
9265
8280
4281
709
2436
9053
7958
8101
2834
2178
4517
2477
803
9741
1061
6707
6860
8178
5556
536
9679
4218
9200
2454
9700
3781
5516
6862
7635
1316
5539
7677
8476
6442
5967
1027
1128
9905
6384
4491
9620
4510
2385
8955
1718
3015
5638
6859
673
5313
926
9776
1237
8088
2803
3863
6218
7417
5049
894
8392
8124
3915
7175
779
5775
9506
5225
3059
1166
8007
5700
3792
7178
9590
660
9128
7174
6890
1840
9108
7409
8508
3723
5490
7022
2834
1376
3623
2899
2571
7899
6099
2709
9172
5822
9011
4293
8233
3247
3584
6427
5866
8335
4456
6687
4492
6452
6949
4964
7319
9143
8920
411
1397
5562
1755
2554
7099
7351
7816
9771
5278
8582
8120
4410
6348
2670
8127
8260
9965
1909
5616
1018
8885
7700
562
8358
2129
428
5359
5047
1698
921
8268
3981
82
1506
8637
6863
9420
9985
989
6026
6908
4578
4849
1578
6988
9333
8770
6507
9542
3103
7200
4122
6858
2097
2570
5152
3287
9536
5788
6417
3258
7051
5313
2780
977
2866
9761
2806
8516
7251
3732
5916
9497
5514
4992
7601
9272
5535
2189
8798
9046
