2587 832
58
65
81
41
69
77
23
97
70
90
11
52
56
88
17
38
45
77
79
1
98
12
22
14
61
26
63
8
69
57
42
45
68
98
94
83
8
71
22
94
66
8
51
94
4
7
3
28
63
36
79
3
93
80
15
4
39
87
36
45
66
66
28
69
26
45
51
96
76
73
36
4
39
47
48
79
87
37
43
86
83
48
48
56
25
81
79
15
74
5
75
27
71
83
55
39
52
13
45
12
26
13
90
60
62
19
2
56
85
55
26
70
99
88
66
5
50
62
75
86
96
75
63
63
31
69
3
9
94
51
7
96
65
29
41
56
51
82
85
33
15
55
83
95
30
10
96
5
4
3
78
92
84
54
88
20
60
89
34
37
15
59
40
20
82
20
25
56
42
16
37
61
12
2
67
79
94
83
19
55
41
90
99
4
65
12
59
94
72
7
6
52
72
80
80
95
93
50
60
58
52
42
72
64
42
64
3
68
95
57
42
85
70
46
60
43
29
75
9
34
71
18
37
76
21
34
47
71
8
57
67
98
92
68
14
14
45
42
39
11
47
35
12
44
59
73
8
15
1
11
95
22
65
17
48
4
8
11
59
51
52
58
8
10
97
9
97
75
1
63
78
14
85
12
43
1
26
18
45
50
90
46
71
38
31
49
6
39
18
56
5
12
68
60
23
17
74
14
10
94
40
39
44
55
43
25
12
34
82
10
72
35
14
17
26
66
5
52
4
34
41
63
79
54
37
3
4
87
19
24
75
52
41
18
88
16
44
53
76
56
81
59
35
20
1
90
42
55
54
51
6
58
41
96
52
85
62
58
40
16
53
93
49
42
40
82
72
64
48
36
40
28
44
61
61
58
31
7
55
81
64
51
4
8
19
82
54
7
30
58
91
43
79
24
84
10
81
39
53
55
3
60
79
8
24
76
66
66
39
13
78
97
31
15
84
68
56
94
65
75
53
33
69
97
71
86
50
96
45
14
34
81
57
72
43
50
19
91
79
2
92
45
76
7
82
43
46
9
59
50
46
3
82
70
92
23
30
31
45
42
13
93
93
51
45
35
91
57
53
60
27
12
14
45
16
34
70
85
23
73
35
86
32
27
98
73
20
3
31
25
58
18
22
43
67
95
44
27
95
14
41
56
47
99
89
63
52
71
99
79
65
54
25
67
41
72
52
31
60
88
30
97
54
41
72
89
83
49
29
73
31
71
55
32
6
17
27
86
23
24
80
12
16
82
2
90
13
92
73
29
50
83
17
30
46
75
98
63
16
83
98
74
35
91
79
43
61
45
25
32
63
12
19
86
75
95
77
82
51
2
74
45
25
19
26
43
74
14
73
40
95
51
90
88
51
57
36
28
77
85
85
99
82
81
30
39
21
85
83
81
67
80
50
3
93
76
14
87
80
13
23
65
68
37
12
88
4
52
13
4
41
11
15
20
12
38
82
51
42
86
1
69
4
28
53
4
57
29
92
74
1
73
4
33
66
6
66
78
96
90
90
69
93
49
64
75
23
46
59
46
24
55
9
46
68
45
4
78
43
38
38
63
17
10
77
12
13
42
55
30
6
23
90
37
42
48
31
2
93
17
67
45
52
52
56
86
87
97
18
20
77
5
21
33
26
17
5
34
65
66
81
97
99
67
5
65
37
47
22
43
11
11
88
6
4
82
25
76
85
9
19
15
36
49
88
63
6
51
88
24
22
7
61
52
78
61
55
16
3
5
33
39
72
52
52
99
22
9
18
76
85
62
18
61
81
57
5
43
78
22
91
34
51
24
50
6
49
4
14
70
79
52
4
46
42
20
62
20
77
82
91
51
87
61
26
56
78
41
49
11
23
14
36
8
91
13
35
7
60
31
20
71
89
44
69
60
30
91
75
51
78
43
